cam0:
  cam_overlaps: []
  camera_model: omni
  distortion_coeffs: [0.2771742889528887, 6.996149193692373, -0.005562636210284183,
    -0.0029407958441909333]
  distortion_model: radtan
  intrinsics: [2.9851010119133807, 759.6379375431105, 752.3605643686042, 322.25767211395913,
    321.0935817834675]
  resolution: [640, 640]
  rostopic: /cam_1/image_front_raw
