cam0:
  cam_overlaps: [2, 3]
  camera_model: omni
  distortion_coeffs: [-0.03453532956302619, 0.21654337516583028, 0.008797176762820429,
    -0.0008562442720970051]
  distortion_model: radtan
  intrinsics: [2.0042527154200407, 566.6555599718675, 562.9958666344564, 314.1084911808344,
    315.40128991304005]
  resolution: [640, 640]
  rostopic: /cam_bottom/image_back_raw
cam1:
  T_cn_cnm1:
  - [-0.9999101769766766, 0.008775353527913947, 0.010130703278850647, 0.003277496563808278]
  - [0.008470462737826203, 0.9995212964865313, -0.029756161225586927, -0.0013021454298410805]
  - [-0.010386974509985323, -0.02966767669259178, -0.999505847766878, -0.02072771259203553]
  - [0.0, 0.0, 0.0, 1.0]
  cam_overlaps: [2, 3]
  camera_model: omni
  distortion_coeffs: [-0.07031763319911614, 0.12508592710584276, 0.005047439112777698,
    0.0011552502571011898]
  distortion_model: radtan
  intrinsics: [1.8876892775096272, 544.0941131599454, 539.8281602389546, 320.9034638538642,
    315.1746609456238]
  resolution: [640, 640]
  rostopic: /cam_bottom/image_front_raw
cam2:
  T_cn_cnm1:
  - [-0.03509368663960732, -0.013697807045699683, -0.9992901496763509, -0.010860232928363899]
  - [0.009635154032002251, -0.9998642302918515, 0.013367303006476842, 0.35121367979347373]
  - [-0.9993375790816759, -0.009159206571868228, 0.03522090246080024, 0.0032623023732978656]
  - [0.0, 0.0, 0.0, 1.0]
  cam_overlaps: [0, 1]
  camera_model: omni
  distortion_coeffs: [-0.127376976253501, 0.2887524606294707, -0.00041330083732808004,
    0.00022944871038277473]
  distortion_model: radtan
  intrinsics: [1.8952705863477375, 558.4969090567891, 554.851665818951, 317.86591395103807,
    320.17826863987955]
  resolution: [640, 640]
  rostopic: /cam_top/image_back_raw
cam3:
  T_cn_cnm1:
  - [-0.9999923527063881, 0.003656715297567089, 0.001386709042470075, 0.0028854654952802333]
  - [0.003665667106838294, 0.9999720988539358, 0.006508793921261798, -0.0024755706774382885]
  - [-0.0013628695453979474, 0.006513827360327382, -0.9999778560746808, -0.008487980543440398]
  - [0.0, 0.0, 0.0, 1.0]
  cam_overlaps: [0, 1]
  camera_model: omni
  distortion_coeffs: [-0.044941782316657186, 0.1666826694083878, -0.001734149274813708,
    0.0005938911339899758]
  distortion_model: radtan
  intrinsics: [1.9329279734974623, 561.519818975195, 555.2176357490885, 320.7353658278702,
    321.73193016410875]
  resolution: [640, 640]
  rostopic: /cam_top/image_front_raw
