cam0:
  cam_overlaps: []
  camera_model: omni
  distortion_coeffs: [0.31002790649964784, 5.392019925861881, 0.002112756223324375,
    -0.0025939816439029028]
  distortion_model: radtan
  intrinsics: [2.8813880434652064, 736.2346056006035, 730.0975392029313, 316.15809518465096,
    319.3201148243908]
  resolution: [640, 640]
  rostopic: /cam_1/image_back_raw
