cam0:
  cam_overlaps: [2, 3]
  camera_model: omni
  distortion_coeffs: [-0.05279619815187548, -0.2738535605914742, 0.0028319181811143662,
    -0.007768926946677859]
  distortion_model: radtan
  intrinsics: [1.6505291500846895, 497.02212394279894, 494.25113827595345, 319.70785422465286,
    319.5230319808271]
  resolution: [640, 640]
  rostopic: /cam_bottom/image_back_raw
cam1:
  T_cn_cnm1:
  - [-0.9999734883758722, 0.0067841714053295515, -0.0026452908603061404, 0.00733636840180366]
  - [0.006767532724954029, 0.9999575746912921, 0.006248945377328758, 0.0013434338849891972]
  - [0.0026875725495671054, 0.006230877615173567, -0.9999769762939237, -0.014835000095395276]
  - [0.0, 0.0, 0.0, 1.0]
  cam_overlaps: [2, 3]
  camera_model: omni
  distortion_coeffs: [-0.14664948031380567, -0.13593736655375746, -0.0040612827329406815,
    0.010584688517829642]
  distortion_model: radtan
  intrinsics: [1.6146213571801789, 504.16141733133514, 502.72886228938955, 313.13657714241606,
    319.19608140295816]
  resolution: [640, 640]
  rostopic: /cam_bottom/image_front_raw
cam2:
  T_cn_cnm1:
  - [0.141348272669158, -0.1251688319096873, -0.9820149842705098, 0.029329376195367362]
  - [-0.06850371027146235, -0.990833330376258, 0.11643261181703686, 0.3522260153458197]
  - [-0.9875869113614705, 0.05081412140200493, -0.14862710914787186, -0.011303584247666202]
  - [0.0, 0.0, 0.0, 1.0]
  cam_overlaps: [0, 1]
  camera_model: omni
  distortion_coeffs: [-0.025804513973204123, 0.16775986038885046, 0.009388056925512662,
    -0.0009842535727003876]
  distortion_model: radtan
  intrinsics: [1.9746758322360691, 565.9313898288218, 561.733759708578, 317.8698469024783,
    313.50712543631244]
  resolution: [640, 640]
  rostopic: /cam_top/image_back_raw
cam3:
  T_cn_cnm1:
  - [-0.9999334209475608, -0.008142235217825115, -0.008176654435878353, 0.014647513432147048]
  - [-0.008044845916517258, 0.9998971421476248, -0.011873734845874093, 0.005762772956606683]
  - [0.008272492144792667, -0.011807164378809906, -0.9998960729711084, -0.011602577515477042]
  - [0.0, 0.0, 0.0, 1.0]
  cam_overlaps: [0, 1]
  camera_model: omni
  distortion_coeffs: [0.01627400539604279, -0.3102487538916238, 0.0009644522894326623,
    0.001999904420114677]
  distortion_model: radtan
  intrinsics: [1.8437119176326267, 546.7332063300569, 541.6070149111279, 319.0513376504586,
    319.692651208145]
  resolution: [640, 640]
  rostopic: /cam_top/image_front_raw
