cam0:
  cam_overlaps: [2, 3]
  camera_model: omni
  distortion_coeffs: [-0.125302416937519, -0.05303367590644972, -0.008495865489989294,
    -0.005755344074171076]
  distortion_model: radtan
  intrinsics: [1.6759198882391355, 511.61845985432836, 503.2308222843769, 319.6120719570322,
    327.82271968627174]
  resolution: [640, 640]
  rostopic: /cam_bottom/image_back_raw
cam1:
  T_cn_cnm1:
  - [-0.9999928404166228, 0.003565085073904263, -0.0012685755415864182, -0.011539346068454713]
  - [0.0035772601607847393, 0.9999462809830512, -0.009728224807306325, 0.01331764144052093]
  - [0.0012338254458992893, -0.009732693182015596, -0.9999518750210873, -0.010339762308737597]
  - [0.0, 0.0, 0.0, 1.0]
  cam_overlaps: [2, 3]
  camera_model: omni
  distortion_coeffs: [-0.2831698109115191, 0.10633275864015351, 0.0036108174969863233,
    -0.008502059329778832]
  distortion_model: radtan
  intrinsics: [1.3325340754597566, 439.3242630039006, 437.45451377386473, 327.5278902730617,
    313.53002763943994]
  resolution: [640, 640]
  rostopic: /cam_bottom/image_front_raw
cam2:
  T_cn_cnm1:
  - [0.17827975586996142, -0.1557529408210923, -0.9715746754997935, 0.018530255209507417]
  - [-0.09548010091520696, -0.9854716519735086, 0.14046057626902464, 0.3510522473812281]
  - [-0.9793364483037327, 0.06772477081678391, -0.19056095203804274, -0.0421453904384847]
  - [0.0, 0.0, 0.0, 1.0]
  cam_overlaps: [0, 1]
  camera_model: omni
  distortion_coeffs: [-0.0001547952051521655, -0.1907877235498429, 0.006562407359910327,
    -0.0029856722295455453]
  distortion_model: radtan
  intrinsics: [1.837925582460493, 533.0851118204598, 528.2991252541568, 318.8256216684147,
    316.5535310934225]
  resolution: [640, 640]
  rostopic: /cam_top/image_back_raw
cam3:
  T_cn_cnm1:
  - [-0.9998847018240067, 0.0031429075645820707, 0.01485614991694469, -0.002624387001361272]
  - [0.0028200329560360672, 0.9997604500698165, -0.02170460527909921, -0.005009196411346786]
  - [-0.014920806695387263, -0.02166020794533431, -0.9996540426164047, -0.029105391169250514]
  - [0.0, 0.0, 0.0, 1.0]
  cam_overlaps: [0, 1]
  camera_model: omni
  distortion_coeffs: [-0.07657117377773179, -0.20629211162773264, -0.0006435287541103397,
    -0.006824458120987466]
  distortion_model: radtan
  intrinsics: [1.5911789013318238, 477.5871549306386, 474.0971901044031, 327.1122357428848,
    321.9230911788957]
  resolution: [640, 640]
  rostopic: /cam_top/image_front_raw
