cam0:
  cam_overlaps: [2, 3]
  camera_model: omni
  distortion_coeffs: [0.24100440329718714, 3.128614440966664, -0.002708631631867207,
    0.009656511021515504]
  distortion_model: radtan
  intrinsics: [2.695843154249476, 703.954250083113, 699.6491757524517, 320.5824744459797,
    321.44748315568364]
  resolution: [640, 640]
  rostopic: /bottom/back/image_raw
cam1:
  T_cn_cnm1:
  - [-0.999964820094286, 0.004920426490192956, -0.006793230229924753, 0.0012639023570179735]
  - [0.004812883472396359, 0.9998642592130015, 0.015757515702571424, -0.000718558304446253]
  - [0.006869841809189645, 0.01572426632915693, -0.9998527655219674, -0.012836227792863013]
  - [0.0, 0.0, 0.0, 1.0]
  cam_overlaps: [2, 3]
  camera_model: omni
  distortion_coeffs: [0.0581125294173794, 1.1077887416453844, 0.0021873139042658165,
    0.0025163659166947236]
  distortion_model: radtan
  intrinsics: [2.3193385665301056, 635.361754131434, 629.3736096594627, 315.92085762484385,
    320.4076769758625]
  resolution: [640, 640]
  rostopic: /bottom/front/image_raw
cam2:
  T_cn_cnm1:
  - [0.02785970900115131, 0.0018937192692888667, -0.9996100491900335, -0.009711411781381008]
  - [-0.007009768102173508, 0.999973987864633, 0.0016990424530955329, 0.3476595601782513]
  - [0.9995872647075521, 0.0069596998091005415, 0.027872258843557818, -0.0054157508502419805]
  - [0.0, 0.0, 0.0, 1.0]
  cam_overlaps: [0, 1]
  camera_model: omni
  distortion_coeffs: [0.25759808511957877, 7.956525781716198, -0.0023664921407204787,
    -0.008953352024511028]
  distortion_model: radtan
  intrinsics: [3.0131291282809958, 764.4581045655107, 759.0784553375285, 320.2977364951788,
    320.57265795866255]
  resolution: [640, 640]
  rostopic: /top/back/image_raw
cam3:
  T_cn_cnm1:
  - [-0.9999715298259078, 0.0039965531542888125, -0.006400554704712077, -0.000853669714261349]
  - [0.004050105982347911, 0.9999567194188266, -0.008375913722044834, 0.0005601578445047253]
  - [0.006366802900578706, -0.008401598183222845, -0.9999444369407742, -0.01669863811833714]
  - [0.0, 0.0, 0.0, 1.0]
  cam_overlaps: [0, 1]
  camera_model: omni
  distortion_coeffs: [0.3362739275084884, 8.363920195094627, -0.0016964769829006534,
    -0.0006806304247636069]
  distortion_model: radtan
  intrinsics: [3.075376076482602, 779.3889270920181, 774.414730567985, 320.3469010920599,
    319.52706568389664]
  resolution: [640, 640]
  rostopic: /top/front/image_raw
