cam0:
  cam_overlaps: [2, 3]
  camera_model: omni
  distortion_coeffs: [0.01811493210880441, 0.8514686278581364, -0.010139448111029318,
    -0.003290709567784321]
  distortion_model: radtan
  intrinsics: [2.250445536543949, 610.5046368041455, 620.6132245321667, 316.96879740690343,
    323.3889220584417]
  resolution: [640, 640]
  rostopic: /cam_bottom/image_back_raw
cam1:
  T_cn_cnm1:
  - [-0.9999635652563825, -0.00395477739949175, 0.007564912125315755, 0.006343421832013795]
  - [-0.003947816031681442, 0.9999917702939258, 0.0009349294086334425, 0.011066398963410383]
  - [-0.0075685473060078745, 0.0009050304633535563, -0.9999709485837756, -0.014187313027473005]
  - [0.0, 0.0, 0.0, 1.0]
  cam_overlaps: [2, 3]
  camera_model: omni
  distortion_coeffs: [-0.27121876847973114, 0.019113909672181014, 0.005434545093551782,
    0.0036853672195256647]
  distortion_model: radtan
  intrinsics: [1.2753642051212453, 428.3195274795078, 432.81792301188204, 317.71917539509485,
    312.6600948558582]
  resolution: [640, 640]
  rostopic: /cam_bottom/image_front_raw
cam2:
  T_cn_cnm1:
  - [0.9999164499056706, -0.010585395227193478, -0.007419071096319764, -0.35474456498832063]
  - [-0.007060727805248279, 0.03349752997953437, -0.9994138590234468, 0.0015711370228683663]
  - [0.010827711249767037, 0.9993827419428264, 0.03341999066333445, -0.019770934622078924]
  - [0.0, 0.0, 0.0, 1.0]
  cam_overlaps: [0, 1]
  camera_model: omni
  distortion_coeffs: [0.45360552187774256, 5.730800728295957, 0.010306210070070413,
    -0.009116153009195726]
  distortion_model: radtan
  intrinsics: [2.9576032643869814, 738.615142496535, 742.4447848279453, 324.1068879658095,
    312.2558530568379]
  resolution: [640, 640]
  rostopic: /cam_top/image_back_raw
cam3:
  T_cn_cnm1:
  - [-0.9992856499908309, 0.021157837443627616, -0.031313505666247625, -0.0009676591653176547]
  - [0.02114136436987488, 0.9997761289876428, 0.000857099214072884, -0.009495951416032657]
  - [0.0313246298458781, 0.0001944767122531697, -0.9995092444514084, -0.02816276170342845]
  - [0.0, 0.0, 0.0, 1.0]
  cam_overlaps: [0, 1]
  camera_model: omni
  distortion_coeffs: [0.10295950398993628, 7.090092351121829, -0.013659216065820578,
    0.01721585175309793]
  distortion_model: radtan
  intrinsics: [2.8904449909572536, 723.7320843481872, 731.7480583347503, 317.75265962886306,
    322.2685541054143]
  resolution: [640, 640]
  rostopic: /cam_top/image_front_raw
