cam0:
  cam_overlaps: []
  camera_model: omni
  distortion_coeffs: [-0.19483813017520568, 0.06983682039574589, -0.0041652483783016486,
    -0.0023038659967019397]
  distortion_model: radtan
  intrinsics: [1.5903191286793144, 491.88657449495923, 487.3009544126292, 316.5005476759775,
    323.1220590718334]
  resolution: [640, 640]
  rostopic: /cam_1/image_back_raw
