cam0:
  cam_overlaps: []
  camera_model: omni
  distortion_coeffs: [-0.03599433030147172, 0.18748476990078702, -0.002855180913187979,
    -0.0033109053222374497]
  distortion_model: radtan
  intrinsics: [1.9644068849206038, 561.4142940103834, 555.9529947001214, 323.2041372651275,
    321.01685514298396]
  resolution: [640, 640]
  rostopic: /cam_1/image_front_raw
